==========================================================================================
VALIDATION SUMMARY — average MAE per split (original units)
==========================================================================================

Model                   Train SoC  Train Cyc   Val SoC   Val Cyc   Test SoC   Test Cyc
------------------------------------------------------------------------------------------
specialist_01              23.420     183.65    49.705    306.40     59.239     480.37
specialist_02              24.451     213.91    46.686    466.00     53.462     730.45
specialist_03              25.210     166.85    45.299    434.66     48.012     746.87
specialist_04              37.011     113.65    67.929    425.81     71.012     656.08
specialist_05              42.489      80.20    68.570    274.06     71.010     362.76
specialist_06              21.358     201.67    34.990    361.51     35.594     501.78
specialist_07              22.519     224.48    46.918    491.97     59.075     700.06
specialist_08              22.078     130.13    41.121    392.20     51.273     605.03
specialist_09              22.879      78.22    53.699    295.95     62.280     507.81
specialist_10              29.882      73.56    67.120    328.51     71.042     537.28
specialist_11              21.527     333.16    24.064    525.83     20.278     852.53
specialist_12              21.991     188.24    21.761    141.49     34.445     239.06
specialist_13              24.332     159.33    24.113     95.45     27.213     180.30
specialist_14              26.185     173.90    37.862    215.99     47.915     383.67
specialist_15              21.896     132.63    48.249    144.55     57.818     209.15
specialist_16              29.610     170.03    13.857    142.56     14.230     221.16
specialist_17              22.129     196.90    14.395     96.21      9.794     127.85
dr_mlp                      2.401      17.60     3.373     26.41      4.221      41.00
anp                         2.083       6.69     1.648      8.33      3.903      32.36  ←── ANP
------------------------------------------------------------------------------------------
AVG Specialists            25.822     165.91    41.549    302.30     46.688     473.07
DR-MLP                      2.401      17.60     3.373     26.41      4.221      41.00
ANP                         2.083       6.69     1.648      8.33      3.903      32.36