==========================================================================================
VALIDATION SUMMARY — average MAE per split (original units)
==========================================================================================

Model                   Train SoC  Train Cyc   Val SoC   Val Cyc   Test SoC   Test Cyc
------------------------------------------------------------------------------------------
specialist_01              35.545     183.65   100.033    306.40    130.946     480.37
specialist_02              24.977     213.91    51.941    466.00     64.075     730.45
specialist_03              28.371     166.85    56.409    434.66     64.855     746.87
specialist_04              42.401     113.65    94.897    425.81    132.910     656.08
specialist_05              52.738      80.20   104.549    274.06    121.684     362.76
specialist_06              40.923     201.67    55.264    361.51     59.460     501.78
specialist_07              24.470     224.48    54.670    491.97     81.561     700.06
specialist_08              25.183     130.13    44.940    392.20     67.074     605.03
specialist_09              25.383      78.22    65.894    295.95     79.783     507.81
specialist_10              34.169      73.56    92.791    328.51    111.563     537.28
specialist_11              39.439     333.16    36.608    525.83     31.438     852.53
specialist_12              27.729     188.24    21.874    141.49     34.445     239.06
specialist_13              31.370     159.33    24.132     95.45     27.213     180.30
specialist_14              37.681     173.90    41.270    215.99     52.380     383.67
specialist_15              29.222     132.63    59.151    144.55     65.692     209.15
specialist_16              55.187     170.03    25.792    142.56     31.267     221.16
specialist_17              35.070     196.90    18.284     96.21     11.710     127.85
dr_mlp                      2.401      17.60     3.373     26.41      4.221      41.00
anp                         2.146       6.21     1.506      8.97      3.659      34.90  ←── ANP
------------------------------------------------------------------------------------------
AVG Specialists            34.698     165.91    55.794    302.30     68.709     473.07
DR-MLP                      2.401      17.60     3.373     26.41      4.221      41.00
ANP                         2.146       6.21     1.506      8.97      3.659      34.90