==========================================================================================
VALIDATION SUMMARY — average MAE per split (original units)
==========================================================================================

Model                   Train SoC  Train Cyc   Val SoC   Val Cyc   Test SoC   Test Cyc
------------------------------------------------------------------------------------------
specialist_01              24.432     329.61    51.433    609.54     55.536     800.67
specialist_02              22.863     142.31    43.381    277.84     47.366     392.04
specialist_03              25.498     101.98    55.637    319.91     64.751     512.70
specialist_04              30.937      80.25    47.616    178.97     58.620     428.93
specialist_05              45.656      68.55    69.050    221.23     70.802     327.67
specialist_06              16.593     241.17    37.571    443.53     40.921     628.24
specialist_07              22.579     176.53    49.795    323.90     59.804     507.74
specialist_08              23.694     108.40    43.630    267.40     55.112     438.67
specialist_09              23.342      60.31    58.159    247.89     65.614     430.09
specialist_10              27.183      95.51    60.140    300.24     67.783     519.08
specialist_11              20.211     331.12    18.878    529.47     21.411     797.65
specialist_12              19.082     246.02    20.922    153.85     33.177     211.97
specialist_13              23.476     150.79    23.934     77.42     20.421     134.03
specialist_14              21.373     140.39    32.923    132.20     39.284     232.78
specialist_15              23.739     190.53    44.802    163.69     52.873     281.24
specialist_16              24.472     125.17    13.639    139.75     11.005     230.16
specialist_17              22.901     249.93    17.081    136.40     10.763     194.76
dr_mlp                      2.754      22.29     3.596     26.15      5.223      37.72
anp                         0.688       5.28     1.143     15.99      2.780      48.84  ←── ANP
------------------------------------------------------------------------------------------
AVG Specialists            24.590     166.97    40.505    266.07     45.602     415.79
DR-MLP                      2.754      22.29     3.596     26.15      5.223      37.72
ANP                         0.688       5.28     1.143     15.99      2.780      48.84